$ANSIBLE_VAULT;1.1;AES256
62353338356263376138616562653833646635636234663730383565316531663861393333363237
3437646538666466303532623861383161386532356639650a623361343230613038376139356237
36643766373562363039616538303530316662636566333436393665323663643437376131353730
3866633363323133630a326437346638383439636139633136306563656662306331376561346138
65323631303237633233393238663039336138366562336635343135363763626139386131393064
31623032313833666332306235313338356238326631643765663536346232633961333466336538
64643132623664653931366638303634356638646630313965383865373434636437363330623763
38666466353364393062313435316433336661616361373162646533323832303839366636393663
64383162376166666166326530663165333438666432386439616461313739373830393465636236
37333938663263313963613233333031616665363331333363346433373763363666306365366332
31616336376237646165393235663434356262393862613536616533633838666435323962633035
36653433656263393135343839323463613036396364353165363939393762303665353533653837
62376334303839396139353133396362383437303131626534353239663765353037306363343839
62386635633238616533346230313437363561313464343439363866663831313139393166323933
36313564613936376238613335313966383130613765353239613638343235386361303265663837
62323864613462373930363465323862623936343161396635323933303164353265653234343732
63353536356363383265303739366633636565656264316465313431653031666636623161393036
36353266326632633235376264343333366263326465613334626337303030323533633034666165
63623432366362646465613930326431323634643133366332613132383763316265643838353162
32386539313135303032626435303961646234383632643165653031313132383633363034303532
66326561396666366165326161363739613039373766316638616631376264373635366136613366
62343633643432333332613637303138393837313761306563336132646335326339383836623930
34636566656531663837383163303362343263663934613130303633646635326430653464663561
61656339376363656463366638633131333463643534383930303739316333353837333230623962
32643266306264303961613339313131313635653837653634323361393064376535323335373761
66646462363232343062306137326333373733336539323931326138316232623437303263626665
34396635636266336532373764623638666462353831376432363639653938366638333138656237
65383531316566633566613063643964346531663132366663323635643739323531303738313536
31386133666361386536313830306264323130306438306331376432353033366263353335363034
61383138646636643230356136623162346339313735633661356464366363663639326238623162
64383765623066626164353534353033306232346230316637663961636232383031316664393539
37313438656635373762636434323638343137646332616462613066646639373635343065623265
36356138306533613539396432666163336135646464373030393631393936333637653564626533
35343938353435663466656162363231366634613166623532366163303637316431343734383434
64613631313034623463346664316362353861363839633866666330386163393132333035373333
39626262323839393231663532663565336231653837633739663861623130633630323138303864
32313932343063383162636535316138366133633939626331303133333862333933326436343333
36656139346562633831336437366539616631616166663933393034323638306535383730643131
33666665616130666631303035643836643932666435363735633931386366336364646436653936
34316434303631306434653234646632633538383764653164303966313062656363383536333061
64343037623864336332356537643733353332316637393039396531373736636230373464663464
6237376338376266323461343062356635643836636134316438
