$ANSIBLE_VAULT;1.1;AES256
63373362623634376334633032643938366661663964343839666233363362636336373139306333
3736346332313966343864643136613530643539336432350a623763353563386535383464636264
33376433353163363534666436303136393335333130386239636533373034316333386261663232
3930386364326462650a393764373166366662336162623737386262613162643134666564336430
38373038616638643935313731393062383462663432366131393161643430646331383866356538
31326665363263376162356531396436386262613739633565356466303538663734386132343635
66376133363965313663653562656337613333366361326530396533323336363764623934663161
30366130363964333836646662653566353735663934633066613365323635363863663639396239
66643330346565303537313131336535363633643761363337626639303337306338656333343732
31653536343230313132323233323833623133633464343934656635623337656136633331386332
63613165393862376634303833323936316135363236303463353561646136376639636464343537
38373036643466646439643638633433343536363738633936643437373436633739643633366461
65656634663365663564666366316334313739643233653661323064616561623234396236653738
61326161383037316163383737636435353061396631666461353765376464623836656239303130
66386234383064346437656531363337633337623462613161376134313661663034346337346366
31343837306633613763653332313666336335306465633139636532396536386631613536623663
36313662666239356263633939656435666238343832326130306337343338646564336261663038
38366165643739306532383730396438653137313831363665303838353233376236633337613431
37363431393232386439356338666438383633396464363033636134656536353534653532313832
31343430616332313139623131363666376630623661346630353732643038653432633035636639
36336138313666643461613632313034373737363462306431353131383239366665303430326437
30643630636633626438383561313438366435656132386136633863323536366531323835636664
64353939653163663634663037366631383336323361643439376137663539333031613533336463
66353939303834383331366466363931346332376465633435613763303234363338633232613233
33323663356431623961303365346538653461356437376464653430626238623739643366316536
34643233336333303838663233623031613539333061666432616163323538366564363632383933
33623031383533613031643536353663343231353939323231336532373630626531366433613737
62616531656164373463396461653836613232646136663462323662623234656130306262303733
31343533633163393634646437323663613064376131653964616461363733623130666463373735
30653834396630323733643062383466636564616538396164356264346432663561356238313235
36363337343364383233313932623833346565303465636535346532303736653039353932623736
34643634633036613465643261656632653661623135336238343636623037326230386265613133
35633236633566623962343935313066343164313839663861326632316663393334386662643637
62393431393534656564666634663532616161333330653265383861353861373131653135633231
30393766633236316239643330616636346664653434613861383334663865336136656530323536
34633462613061316134343132653564656438633835303939313532383663383036663536363266
34326439333662326261333462646666656536373636646139363035636139396531626232623030
37383166393634616165396432366462613831633336333262636262636362376662383530613933
66613465363364326336623465323631333035366339376131633930376566653633623565663130
64353737373162396530643966643035663436363330646233326161303564323161653562323062
32363463356336356265346262666334653139353364396336616265653161323235373934666463
39646137623037393936626165636637333339346634623932396538633332623030366232333438
65323631333430316465643766663465616532363365353431393830336334396562666265616437
63366330663765663761663531373030663035323135376437363837346138333664303034363634
30646134306431333265356434323439363333353065613530383164656161336662346562333366
62363665643063633666326433383836643637333933313466363637376265393464383930396466
32663565623062633430346132333163636331663131643831363066626134306565663436336534
62323337663165616635
