$ANSIBLE_VAULT;1.1;AES256
66353136633839383036353430356137623966643665666130633034663764633563336363396637
6233623965383535303936666363303565646132613835320a643061343836366466656232393733
31393730363234616537613438303261323033613535393265313664313034646532613136313637
3866626239376661320a353334373161396537363538333562323361353130373461623431346264
35633731623462343163333061386439616161366163313863343338663838646138333638663662
30666434636633636337346539646232333465656131336663306564653932626165373861626133
30333232653738356364383830633339336436376434623131343238636531616233336533366164
39376636643737383939363336396235643663356131383233316336323939643766643631656462
38346431393537363237343762316231393136643632383564613533363064663639613861393130
61323564633331626165333739323962326663326539326231343961646233366464626666613933
62373936656536623961386330373539336539343233356264396539353632343333333836393436
61383066333462636433633766356532313431326538626637373134323039646439653364303262
34363365326635636463306262383430316334343135366231653635623261633861313039363733
61643066306564303135303734653732313139613361366137356630656336616461373134646331
30646435373730343037326536343730316437653539623339323164646130343931613935336364
30643438326337303134343462383439646463373363656332623334366135653664616138333966
37353339633439343730363763323564346338643830373436663062313239393935643539373066
66343166326631316464363738343465663166343331376339636130616131363934356638646461
66376232663265613762303335316163313762623439316331663230373931616563343039356634
39353463306263353765336165633962623838393034346331643135373331333663633630363537
35373961363362633736396561316163346564306235646361306265393136363064343334393265
33663239303563653137633037666266663631623733613164646433303365353632386636613566
32346338313335636233363738376636323539663763363533363337666138316531626439303238
66393764623863303962626336346334313261343561643466363932303939333631333531636433
30363437373931313738646130383631383234373936313434353231656638353638653535666463
64356663363966613432633463366230323136336531663935633536336433333562663761353763
37343566663031616163326433336461653236303032313364373135333130363461386263386164
35393131303133373536333036653231333530326665376331373065323263306134336663623634
63326661656536666163316230393736346430303632333233383464303834343634333462616132
39393365303432393264393033373663333733373934383633383761363739666637363931336639
66653266353166626635663365396233656561393633656330346639333263333461393137333734
37616362316263353063333732326163316530393836343165323635653632393732386135666135
63373633623031643163306563613236666563346231616564326439303362616234633763316364
64366633653139383339323431636332376632653138313732313932646331393764363336383166
32626363663434656537656536386230633533626536643339663536626638353135343835353931
38663634633866313234326234653633646138326434636538666264323438303132356430306133
36303036386134313639373232383762666266623864636236623030303032353663393232393361
31616465306362613364316364303438653664366532323765643531323561613832366463613531
66303266663766333866356231386636306264393737633339383932616461393834616534363832
38313338666639326530396631306363323739383338356331366336373665323761613734333739
38636561613064323637353464626365366438323932633631326539356133303735303030326234
6436663266373965306162316331636264326439646136376665
