$ANSIBLE_VAULT;1.1;AES256
62633932376638396235343762656538333931386433613539653531623033303330353563356163
6238373262333065323863373138393732363234336333320a346532363133383165323533636133
30663637353735306331623565613232303262306538663265633734383266356633643532363765
3063373064336666310a626633313633363836383535373436333439383963376330643465316230
63336531383963646564653734666433343762323138346339373038396639386238356436313531
35333564616363386666633465336336316231366665343661636431303062333036656566373264
30323730633238346635656166623761613363333931366130313436323466653165333731383262
30323130363463393032323738363163623562326331663066653038336538303565643434303063
64353634323437653434643761393965373166306636333062333737333638663132346563343438
38386638316536383439623664376361363331646630626562323932356331373238316433363462
31623337643336363431383237313061336631613239343132633739393830346264343463343136
64383437346238313262643664646366393732396562663162663031613061326362313935626165
38326130613966333435346137393938373461306137363864306636316561383162353239326539
39363966623064653265323937333230326561346264343331653631373934393861353465616261
36373366653436643834356130633933623134336137336432383530383161306532306666346239
30346330613261643835373435326533363739656333313264363263393231333333396466656332
63653939616632333831613934616462383164356265643331346431633437306437393536386164
65383464643365623163363638613032386466356566653734623135316635643439353532363735
37303236343839663965303138363734393532323264346534306264316131336664663263326432
39306363336239333330323663343533373333333661663438353066306135636237656430343235
65633437353365373264343766323238623462353461303065643566353161356364336263393364
33346435616331663331666636623465636366653138663962323963346466663131383735343135
34343061386563313835333962653732613334343937343538666237376632323339313636336230
37633932316337653862383333636138323036353862616238663531363938343430636164313539
32613965623739663332313735336462636438653764326237373131323134376362303563366532
33373363626462333833303565656235616565366139326561353865363937343933633964653161
30386262303836353634396535396632336234643365633135336337323965373261356462626639
30333861373963383563383132366466383136666365616564323863653737656434613930383430
33336536346464663937333238326336373461333038323638663637313364326135643365303931
35323237313162666635346336663063366134396134393161336266626464353434373132386436
30333762303536613163383435653562613862343031353365656631336366626465373733313661
63663363633561313330356534373535323938323032326261636234646466316539363965386430
62313830393863303864336337636633373331343433656665323832306163353234333733366439
38646639343830663439623738643066363230613465663036326137343736303132343634366361
66363333636635303135613363343339366639393735346531633334613765376263363637353034
30353061323631396366353536663231383836646638396561333434646337313163383362666131
35616630633338313231373533383761326330386430323133633662373938376561386639363061
61316635663135616636346564353666383762643235373137356263346235623737633731306438
383934373039323138636331373336316532
