$ANSIBLE_VAULT;1.1;AES256
32653861623331666661393139353434626561616362623332656530633663663435663635626139
3864633239373834323339653562343832623039663965360a303662663465633432336139343965
63623430333632656461333063353463663436393035633062363935343730353361666665656539
6663626166326139370a333737616535333066653138363663313231363661303230363363613161
63633731613437373038373937306565386531396632643236616339646235306530346466366337
38643730383631386135666666383961636634613363353237326136346533613836613064373437
36306361666562633865653638373264306533623861313635326538386664373861383230303564
39336631333039303436303234386532633435643231323937306362333634356639393538633834
66666632353262326364643765383566623061666363386237376638633636346138343334646530
66653531653834316561353639333062343961346237363632663038306638356130366637333534
65376634383661303662303430623664363964363531396162613431303134666135633934636163
64613735363163333931323065306638386532386263636537646136393064353962313739616539
30663266366666633461626265633937353562346630326234623838343035666564643932343735
33633132623864333263386535373063616436663030373365363035613636313461383739363935
38336461666639356566353135316631313465626662383731333563313163626333303636393433
65376634356239313063333034346235386330323862313564353632663565663066626633313230
34386265326534353932666139393466316233313538383838306564353233383936363962336430
64343261643138663466623435656139616264663436616136353832613131373431306262376335
34613035306464613632653431366534316231343933363733383865346561303165353065333331
39386638653130373435343938653132643462666431303532636433373333643030326136303535
64336438363665613837646431373765383966393861326332336131646131373135326636373761
33616366336639343030313931626638316566616264383135363865333334623931613161656639
61373861363266383366346235656239373139373433313531366666336263306433663465353762
62643935386537663136633631336634303431636139656334316464313331313630376138666637
35353564666431383531316263393230336564396466313365336463636635363435656339376464
61356632333165336463306161653633333465376466613336316437666131313938653732353433
31343335326133376532373366343566656261396630363063333338336466333339356535663732
39303763316166336232653961646137356564303231306262303937616539393833636630643435
66333166383539306335383033313930313662613030613065326131313065613435373433383665
35623162383439656638656234373932363735383537396561643565613433656132646266363765
64356534653532343035616336646639626564396235343964633262383863653066616535646466
38623036323536376166356365663039636432313662306438343433356461326134366432643430
33396666383736636166393962373065333961636261353931356234333663316238336362356233
31386261376637396631656338393834346633653832333435393539363535313330623136353038
33623439363132306463306537323234383236313331373061336636383831653339613039613735
38326364653837373733376433626533656331623261353762313535653338646431393331373964
38383162316462333666356665623035653332613134346137616465353961666631613439636534
66666565346665316264383261613831343333393332633934303666626537636435376565336139
35306161633564626532663563303165383264313564643439326131376466323366353136643937
34346434613861323730656664646632643062623736393832326431393562376638306235333364
38353262306432616365343035646339646639383135363164623366323432303364343562336530
33313562663662333961363964643937616639613763353761363530363932333631323135313230
32623865383236633036303561363637663962656437626330336363313534383935396433366566
36646134333632623535346263393461326162306234343736383664353939613036323466396535
36666333343933373637616534316363636235663330643438333535316331646161326566653331
62366632663832316465613630316332653631386664323562323533396132343464346336343537
36633934343839663639616563343166643462396362623561616630663331646530363833656464
64333732663732633061
